LUEBBERMANN, BRADLEY      0556668  187 ONT  757 CPT 32 30 25 46                                                            

      DELAURENTI, JOHN          0555637  260 ONT  757 CPT 13 39 36 27 8 35 37 28 7 20 30 31 32 29 25                             

      SLUDER, MALCOLM           0555007  275 ONT  757 CPT 46 47 37 26 25 34 32 31 35 27 30 28 39 29 33 36 38 40 22 52            

      MEDORE, DOUGLAS           0554700  411 ONT  757 CPT 64 62 63 65                                                            

      RENSLOW, TIMOTHY          0557012  430 ONT  757 CPT 63 64 62 68 65 48                                                      

      LOOSE, DAVID              1012574  489 ONT  757 CPT 19 47 37 24 14 15 17 18 21 25 11 26 16 22 23 35 29 30 27 12 31 28 13   

      MELLING, WILLIAM          1843989  866 ONT  757 CPT 32 29 10 13 11 12 30 9 45 7 46 25 8 31 28 26 52 33 47 21 37 19 18 34   
                                                          15 22 24 36 16 35 14 17 27 23 20 53 54 55 56 57                        

      HOFFMAN, JOSE             1844109  869 ONT  757 CPT 29 7 8 9 10 11 12 13 14 15 16 17 18 19 20 21 22 23 24 25 26 27 28 30   
                                                          31 32 33 34 35 36 37 38 39                                             

      CATES, CLINTON            1966313  935 ONT  757 CPT 61 65 67 68 64 62                                                      

      STACY, CHRISTOPHE         2057100  999 ONT  757 CPT 77 76 78 69 70 71 72 73 74 75 60 61 62 63 64 65 66 67 68 46 47 52 53   

      FAIRON, DANIEL            2074041 1028 ONT  757 CPT 19 17 16 37 21 32 46 25 26 28 30 34 9 11 12 18 23 29 31 24 8 10 14 15  
                                                          22 35 36 7 13 20 27 45 47                                              

      CARPINO, NICHOLAS         0625520 1068 ONT  757 CPT 1 2 3 4 5 6 7 8 9 10 11 12 13 14 15 16 17 18 19 20 21 22 23 24 25 26   
                                                          27 28 29 30 31 32 33 34 35 36 37 38 39 40 41 42 43 44 45 46 47 48 49   
                                                          50 51 52 53 54 55 56 57 58 59 60 61 62 63 64 65 66 67 68 69 70 71 72   
                                                          73 74 75 76 77 78                                                      

      ONLY PILOTS WITH BIDS ON FILE AS OF 06/15/25 AT 20:04Z WILL BE LISTED                         SCHEDPST
      NAME                      ID#     SEN  BASE EQP STA SCHEDULE BIDS                             Page   25
      JOHNSON, GUY              2174156 1071 ONT  757 CPT 52 53 54 55 56 57                                                      

      SWERDLOW, GILAD           3172086 1131 ONT  757 CPT 73 75 77 78 63 1 2 3 4 5 6 7 8 9 10 11 12 13 14 15 16 17 18 19 20 21   
                                                          22 23 24 25 26 27 28 29 30 31 32 33 34 35 36 37 38 39 40 41 45 46 47   
                                                          48 49 50 51 52 53 54 55 56 57 58 59 60 61 62 64 65 66 67 68 69 70 71   
                                                          72 74 76